// PLATEFORMES
288.0;288.0;96.0;32.0
384.0;288.0;96.0;32.0
480.0;288.0;96.0;32.0
480.0;384.0;96.0;32.0
672.0;384.0;96.0;32.0
640.0;320.0;96.0;32.0
640.0;160.0;96.0;32.0
448.0;96.0;96.0;32.0
384.0;128.0;96.0;32.0
384.0;160.0;96.0;32.0
256.0;192.0;96.0;32.0
160.0;256.0;96.0;32.0
160.0;384.0;96.0;32.0
320.0;416.0;96.0;32.0
512.0;480.0;96.0;32.0
832.0;480.0;96.0;32.0
992.0;352.0;96.0;32.0
768.0;288.0;96.0;32.0
768.0;352.0;96.0;32.0
768.0;384.0;96.0;32.0
896.0;384.0;96.0;32.0
864.0;352.0;96.0;32.0
864.0;320.0;96.0;32.0
768.0;320.0;96.0;32.0
864.0;288.0;96.0;32.0
864.0;256.0;96.0;32.0
768.0;256.0;96.0;32.0
672.0;256.0;96.0;32.0
576.0;256.0;96.0;32.0
480.0;256.0;96.0;32.0
384.0;256.0;96.0;32.0
320.0;256.0;96.0;32.0
0.0;672.0;96.0;32.0
